PSF_cols <- c(tidal = "#74BDB8",
							deepwater = "#0D1E33",
							activeyellow = "#FED925",
							sand = "#F8F2E6",
							seafoam = "#DCF1F3")

SWP_cols <- c(
	sand = "#EEE9DF",
	soil1 = "#615753",
	soil2 = "#8B8477",
	tidal = "#47807C",
	stone1 = "#68787D",
	stone2 = "#535D5E",
	greengrey = "#D3DED9",
	bluegrey = "#E6F2F3",
	clay = "#9E6A5A",
	salmon = "#924848")

status_cols <- c(green = "#8EB687", amber = "#DFD98D", red = "#9A3F3F", extinct = "", datadeficient = "#D8D8D8")

species_cols <- c(
	Chinook = "#000000",
	Chum = "#8C6B80",
	Coho = "#6079B1",
	Pink = "#D086A5",
	Sockeye = "#924848",
	Steelhead = "#68787D"
)

# PSE 2.0 Species Colours
species_cols <- c(
	Chinook = "#93BD9F",
	Chum = "#D2C55A",
	Coho = "#6299B9",
	Pink = "#D69771",
	Sockeye = "#C75252",
	Steelhead = "#88709E"
)